  4.0898737e+002
  5.4565394e+002
  8.8782653e+002
  8.6555494e+002
  6.5903657e+002
  7.6432045e+002
  1.1135795e+003
  1.1763448e+003
  1.2897275e+003
  1.3494558e+003
  1.3960237e+003
  1.2421473e+003
  1.4233570e+003
  1.1733078e+003
  1.1935547e+003
  1.5215545e+003
  1.1621720e+003
  1.1895053e+003
  1.0680239e+003
  9.1313516e+002
  1.0234808e+003
  1.4415792e+003
  1.3656534e+003
  1.0477770e+003
  1.2715053e+003
  1.4486656e+003
  7.2382665e+002
  2.3466156e+003
  2.0064677e+003
  1.7503444e+003
  1.9852085e+003
  1.8566407e+003
  1.2370855e+003
  1.1145918e+003
  1.5357273e+003
  1.3788138e+003
  2.3628131e+003
  1.5853322e+003
  1.8708135e+003
  1.4527150e+003
  1.3352830e+003
  1.2765670e+003
  2.5460476e+003
  1.9629369e+003
  1.7149124e+003
  2.1613565e+003
  2.2352577e+003
  1.2421473e+003
  1.4810607e+003
  1.6561964e+003
  2.0935294e+003
  1.7503444e+003
  2.0935294e+003
  1.9416776e+003
  1.4506903e+003
  1.5964680e+003
  2.0631590e+003
  2.1704676e+003
  2.3921712e+003
  2.3415539e+003
  2.0388628e+003
  1.9518011e+003
  2.3020724e+003
  2.9428868e+003
  1.9730603e+003
  2.2251342e+003
  3.0086892e+003
  3.0947386e+003
  3.0512077e+003
  2.5602204e+003
  2.4680970e+003
  2.3547144e+003
  2.5409859e+003
  3.6373555e+003
  2.6695537e+003
  2.8851831e+003
  2.3182700e+003
  2.9945164e+003
  2.9297263e+003
  3.6140715e+003
  3.6201456e+003
  3.1878743e+003
  2.5500970e+003
  2.7424425e+003
  3.5118247e+003
  4.3024661e+003
  3.8003430e+003
  3.7537751e+003
  4.0605157e+003
  4.0017996e+003
  5.8847613e+003
  6.4982423e+003
  4.9098731e+003
  5.5921936e+003
  5.6833046e+003
  4.4806388e+003
  5.5699220e+003
  7.1269086e+003
  8.2587102e+003
  7.7049575e+003
  8.5381174e+003
  8.1999942e+003
  8.9875986e+003
  6.4901436e+003
  6.3595511e+003
  1.0019178e+004
  8.6434013e+003
  7.3010319e+003
  8.0876239e+003
  8.6302408e+003
  7.7403896e+003
  8.6353025e+003
  1.0515227e+004
  9.0139196e+003
  9.3783638e+003
  1.0286437e+004
  8.3741175e+003
  8.3680435e+003
  8.8428333e+003
  1.0296561e+004
